7

00000000000000000000000000000000
00000000000000000000000000000000
00000000000000000000000000000000
00000000000000000000000000000000
00000001122223333444455550000000
00000001122223333444455550000000
00000001100000770000000660000000
00000001100000770000000660000000
00000003300000770000000660000000
00000003300000770000000660000000
00000003355551111222233330000000
00000003355551111222233330000000
00000000000000000000000000000000
00000000000000000000000000000000
00000000000000000000000000000000
00000000000000000000000000000000

00000000000000000000000000000000
00000000000000000000000000000000
00000000000000000000000000000000
00000000000000000000000000000000
00000002222333344445555660000000
00000002222333344445555660000000
00000001100000770000000660000000
00000001100000770000000660000000
00000001100000770000000330000000
00000001100000770000000330000000
00000003333555511112222330000000
00000003333555511112222330000000
00000000000000000000000000000000
00000000000000000000000000000000
00000000000000000000000000000000
00000000000000000000000000000000

00000000000000000000000000000000
00000000000000000000000000000000
00000000000000000000000000000000
00000000000000000000000000000000
00000000000000066444455550000000
00000001111333366444455550000000
00000001111333366000000660000000
00000002200004466000000660000000
00000002200004411000000660000000
00000002255554411000000660000000
00000002255554411222233330000000
00000000000000011222233330000000
00000000000000000000000000000000
00000000000000000000000000000000
00000000000000000000000000000000
00000000000000000000000000000000

00000000000000000000000000000000
00000000000000000000000000000000
00000000000000000000000000000000
00000000000000000000000000000000
00000000000000066664444550000000
00000000000000066664444550000000
00000001111333355000000550000000
00000001111222255000000550000000
00000003333444455000000330000000
00000003333444455000000330000000
00000000000000011112222330000000
00000000000000011112222330000000
00000000000000000000000000000000
00000000000000000000000000000000
00000000000000000000000000000000
00000000000000000000000000000000

00000000000000000000000000000000
00000000000000000000000000000000
00000000000000000000000000000000
00000000000000000000000000000000
00000000000000000000000000000000
00000000000000044445555660000000
00000000000000044445555660000000
00000002222333311000000660000000
00000002222333311000000660000000
00000000000000011333333330000000
00000000000000011222233330000000
00000000000000000000000000000000
00000000000000000000000000000000
00000000000000000000000000000000
00000000000000000000000000000000
00000000000000000000000000000000

00000000000000000000000000000000
00000000000000000000000000000000
00000000000000000000000000000000
00000000000000000000000000000000
00000000000000000000000000000000
00000000000000000000000000000000
00000000000000011444455550000000
00000000000000011444455550000000
00000000000000011333366660000000
00000000000000011333366660000000
00000000000000000000000000000000
00000000000000000000000000000000
00000000000000000000000000000000
00000000000000000000000000000000
00000000000000000000000000000000
00000000000000000000000000000000

00000000000000000000000000000000
00000000000000000000000000000000
00000000000000000000000000000000
00000000000000000000000000000000
00000000000000000000000000000000
00000000000000000000000000000000
00000000000000000000000000000000
00000000000000004444555500000000
00000000000000004444555500000000
00000000000000000000000000000000
00000000000000000000000000000000
00000000000000000000000000000000
00000000000000000000000000000000
00000000000000000000000000000000
00000000000000000000000000000000
00000000000000000000000000000000

end