3

00000000000000000000000000000000
00000000000000000000000000000000
00000000000000000000000000000000
00000000000000000000000000000000
00000001122223333444455550000000
00000001122223333444455550000000
00000001100000000000000000000000
00000001100000000000000000000000
00000000000000000000000660000000
00000000000000000000000660000000
00000005555111122223333660000000
00000005555111122223333660000000
00000000000000000000000000000000
00000000000000000000000000000000
00000000000000000000000000000000
00000000000000000000000000000000

00000000000000000000000000000000
00000000000000000000000000000000
00000000000000000000000000000000
00000000000000000000000000000000
00000001122223333444455550000000
00000001122223333444455550000000
00000001100000000000000000000000
00000001100000000000000000000000
00000000000000000000000660000000
00000000000000000000000660000000
00000005555111122223333660000000
00000005555111122223333660000000
00000000000000000000000000000000
00000000000000000000000000000000
00000000000000000000000000000000
00000000000000000000000000000000

00000000000000000000000000000000
00000000000000000000000000000000
00000000000000000000000000000000
00000000000000000000000000000000
00000000000000000000000000000000
00000000000000000000000000000000
00000000001111222244440000000000
00000000001111222244440000000000
00000000004444333355550000000000
00000000004444333355550000000000
00000000000000000000000000000000
00000000000000000000000000000000
00000000000000000000000000000000
00000000000000000000000000000000
00000000000000000000000000000000
00000000000000000000000000000000

end